0;10;2422
0;9;1935
0;1;946
0;6;2953
1;2;687
1;5;1493
1;6;2288
2;9;1094
2;8;941
2;1;687
2;4;425
2;6;1755
3;8;701
3;4;307
3;6;1339
4;10;1857
4;3;307
4;2;425
4;5;400
5;7;363
5;1;1493
5;4;400
6;3;1339
6;7;944
6;2;1755
6;0;2953
6;1;2288
7;8;814
7;10;1817
7;6;944
7;5;363
8;10;1003
8;7;814
8;9;500
8;2;941
8;3;701
9;10;570
9;8;500
9;2;1094
9;0;1935
10;4;1857
10;0;2422
10;8;1003
10;7;1817
10;9;570